sampleID	17_AAG	5_FU	5_FdUR	AG1024	AG1478	AS_252424	AZD6244	Age	BEZ235	BIBW2992	Bortezomib	Bosutinib	CGC_11047	CGC_11144	CPT_11	Carboplatin	Cisplatin	Docetaxel	Doxorubicin	ER	ER_ICR	Epirubicin	Erlotinib	Ethnicity	Etoposide	Fascaplysin	GSK1059615	GSK1070916	GSK1120212	GSK1487371	GSK1838705	GSK2119563	GSK2126458	GSK461364	GSK923295	Gefitinib	Geldanamycin	Gemcitabine	Gene_Cluster	Glycyl_H_1152	HER2_ICR	Her2	ICRF_193	Ibandronate_sodium_salt	Ispinesib	Ixabepilone	LBH589	L_779450	Lapatinib	Lestaurtinib	MLN4924	Methotrexate	NSC_663284	NU6102	Nutlin_3a	Oxaliplatin	Oxamflatin	PD173074	PD_98059	PR	PR_ICR	Paclitaxel	Pemetrexed	Purvalanol_A	Rapamycin	SB_3CT	Sigma_AKT1_2_inhibitor	Sorafenib	Sub_type_ICR	Sunitinib_Malate	TCS_2312_dihydrochloride	TCS_JNK_5a	TGX_221	TP53	TPCA_1	Tamoxifen	Temsirolimus	Tissue_Source	Topotecan	Trichostatin_A	Triciribine	Tumor_Type	VX_680	Vinorelbine	Vorinostat	XRP44X	ZM_447439	_INTEGRATION	_PATIENT	classification_group	sampleName_ICR	_GENOMIC_ID_grayBreastCellLineSNPSeg_hugo	_GENOMIC_ID_grayBreastCellLineExon	_GENOMIC_ID_grayBreastCellLineSNPSeg
184A1N4																																																																																								184A1N4	184A1N4				184A1N4	
184B5																																																																																								184B5	184B5	N, Basal A			184B5	
600MPE	6.87		4.11		3.99						6.37	5.05	3.33	6.49	4.68	3.82	4.33	7.01	6.57	+		6.46	4.28		5.01	6.54	6.31	5.10	8.17		6.49	6.23	8.22	5.16	4.48	5.14	7.41	7.64	Lu			-			7.68	5.28	6.73		4.78	5.77	6.43	3.78	5.34		4.32	4.89		5.01	4.30	-		7.18		4.52				4.34		5.37	6.22		5.09	-	4.18	4.32	4.74			5.18	5.43	IDC		5.29	4.15			600MPE	600MPE	Lu		600MPE	600MPE	600MPE
AU565	7.25	4.97	5.18	4.48	4.57	4.87		43	6.59		8.28	5.67	3.54	6.31	5.91	4.94	5.73	8.28	7.03	-		6.84	4.88	White	6.17	6.92	6.32	5.52	4.82	5.89	5.63	6.25	8.10	8.35	7.62	5.97	7.29	7.81	Lu	5.14		+	6.14	3.74	7.65	8.37	6.98	4.48	6.40	6.07	6.74	3.78	5.81	4.64	4.79	5.55	6.19	5.13	5.12	-		8.09	2.53	5.01	7.50	4.00	5.61	3.75		5.42	6.56		5.18	+	4.18	4.54	7.00	PE	7.73	5.43	6.80	AC	5.66	8.06	4.08	6.35	5.82	AU565	AU565	Lu		AU565	AU565	AU565
BT20		3.49		4.48		4.65	4.30	74	5.42	5.56	7.33	5.86		6.52						-	NEG		5.70	White	5.48	6.51				4.18	4.63	5.97	7.80						BaA	5.15	Not_AMP	-	4.38	4.69	7.77	8.09	6.41	4.44	4.78	5.49	5.56	3.48	5.48	4.23	4.47		5.42	4.80	4.04	-	NEG			4.56	7.87	4.42	5.00	4.20	BASAL	4.78	5.70	5.97	4.77	+	4.36		6.11	P.Br		4.81	5.26	IDC	4.72		3.72	5.29	5.29	BT20	BT20	BaA	BT20	BT20	BT20	BT20
BT474	7.69	3.29	3.17	4.48	6.17	5.36	4.30	60	6.46	8.23	8.13	6.14	3.57	6.02	4.11	3.98	4.48	8.20	6.51	+	POS	5.17	4.98	White	4.72	6.72	6.80	5.19	4.78		5.08	6.82	8.36	5.07	5.42	6.14	7.84	3.98	Lu	4.18	AMP	-	4.30	3.98	7.29	8.08	7.46	4.73	6.40	6.61	6.24	3.48	5.56	4.56	4.39	4.73	6.57	4.48	4.00	+	POS	7.99	2.53	3.78	7.82	4.99	6.08	4.00	Luminal	4.77	6.21	4.17	5.10	+	4.18	5.62	7.87	P.Br	5.60	5.00	6.40	IDC	4.54	7.32	4.26	5.34	4.20	BT474	BT474	Lu	BT474	BT474	BT474	BT474
BT483	6.65	4.13	4.48	4.48	5.64	5.37	4.30	23	4.95	5.78	7.71	5.45	3.23	6.25	5.33	5.82	3.59	7.63	6.82	+		6.78	4.18	White	5.37	7.18		5.35	4.78	5.57	5.52	7.47	8.94	5.35	6.44	5.21	6.84	8.05	Lu	4.35		-		4.24	10.31	5.27	7.14	4.84	4.78	6.13	4.48		6.02	4.18	5.19	4.56	6.15		4.12	+		7.46	2.53	4.40	8.78	4.59	6.08	4.93		4.73	6.18	5.94	5.37	-		4.62	4.18	P.Br	7.79	5.00	6.91	IDC/pap	5.44	8.14	4.23	4.18	4.57	BT483	BT483	Lu		BT483	BT483	BT483
BT549	7.47		3.74	4.48	4.41			72			8.22		4.53	6.65		4.58	5.42			-		6.69	4.38	White	5.86	6.29	5.73		5.17	5.45	5.21	5.38	7.32			4.82	8.26	8.17	BaB			-			7.33	8.22			4.78			3.48			4.35	5.72		5.13		-			2.53	3.78	4.48			3.92		5.29			4.62	+	4.18	3.78		P.Br		5.13	4.23	IDC/pap		8.02	3.83			BT549	BT549	BaB		BT549	BT549	BT549
CAMA1	6.57	3.92	3.51	4.48	4.46	4.18	4.30	51	4.78	5.65	7.78	5.49	2.90	6.40	4.84	3.72	4.39	8.25	6.58	+			4.18	White	5.30	6.61	5.77	5.05	4.78	5.59	5.05	4.61	6.97	5.17	7.33	4.57	7.10	6.57	Lu	5.09		-	4.30	3.79	7.50	9.00	7.21	4.44	4.78	5.65	7.29	7.10	5.58	4.91	4.30	5.02	6.27		4.65	-		7.95	2.83	3.86	7.82	4.00	5.59	4.02		5.06	6.25	5.48	5.10	+		4.46	7.36	PE	6.40	5.57	5.16	AC	4.58	7.88	4.18	6.27	5.40	CAMA1	CAMA1	Lu		CAMA1	CAMA1	CAMA1
HCC1143	6.86	4.02	3.69	4.58	3.78			52		5.86	8.07	5.31	3.95	6.88	4.88	3.85	5.04	7.96	6.28	-	NEG	6.54	4.24	White	5.29	6.56	6.26	5.51			5.55	5.48	7.43	7.13	6.77	4.93	7.09	7.89	BaA	4.80	Not_AMP	-	4.30	4.36	7.29	8.01	7.08	4.39	4.78	6.48	6.61	7.62	5.70	4.87	4.67	4.69	6.28	4.87	4.00	-	NEG	7.77	2.53	3.78		4.00	4.87	4.23	BASAL	5.16	6.47	4.21	4.48	+	5.07	4.79	5.80	P.Br	6.59	4.77	4.94	Duc.Ca	5.98	6.58	3.90		4.98	HCC1143	HCC1143	BaA	HCC1143	HCC1143	HCC1143	HCC1143
HCC1187	5.29	3.81	3.18	4.48	3.78	5.78		41	4.48		8.47	5.50	2.81	6.02	4.57	4.66	5.56	8.60	6.88	-		6.00	5.12	White	6.16	7.81	6.48	7.95	4.78	5.81	5.61	6.18	8.30	7.48	7.52	4.52	7.80	6.31	BaA	6.08		-	6.05	3.77	7.57	8.66	6.76	5.07	4.78	6.08	6.30	3.78	5.68	5.11	4.68	5.85	6.19	4.97	5.56	-		8.05	2.53	4.74	7.49	4.83	5.47	4.49		5.30	6.01	6.08	5.48	+	5.67		6.10	P.Br	6.51	5.32	5.96	Duc.Ca	6.93	7.57	4.79	6.23	6.19	HCC1187	HCC1187	BaA		HCC1187	HCC1187	HCC1187
HCC1395	6.54	3.60	3.13	4.48	4.57		4.54				8.14		4.06	6.20	6.00	5.00	5.92	8.25	6.60			6.35	4.40		5.51	6.49	5.61	6.24	6.71		5.28	5.05	7.31	8.31	7.33	5.15	7.21	6.09						5.13	7.56	7.92		4.54	4.78			3.48	6.16	5.24	4.65	4.97	5.64	6.21	4.00			7.80		3.78		3.78		4.32		5.33	7.21	6.21	5.13		5.22	4.84	4.90		7.82	4.50	5.36			8.45	3.51			HCC1395	HCC1395	BaB		HCC1395	HCC1395	HCC1395
HCC1419	7.35	2.73	3.77	4.70	5.92	4.69	4.75			8.53	8.36	6.12	4.85	6.30	4.58	4.15	5.06	7.78	6.29			6.15	4.97		4.15	6.58	6.59	5.18	7.23		5.21	7.41	8.75	5.12	5.72	5.56	7.49	3.98		4.77				5.12	5.17	4.96	7.23	4.78	6.57	5.94	7.64	3.78	5.72	4.54	4.39	4.73	5.88	5.35	4.20			6.16	2.53	3.78	8.36	3.78	6.03	3.38		4.75	5.97		5.16		5.53	4.48	7.28		6.44	4.85	5.87		4.81	6.45	3.88	3.88	5.32	HCC1419	HCC1419	Lu		HCC1419	HCC1419	HCC1419
HCC1428	7.70	3.91	4.99	5.05	3.78	5.31	4.30	49	4.77	5.76	7.04	5.41	3.69	6.33	4.62	3.86	4.40	5.30	5.92	+		5.87	4.75	White	4.46	7.43	6.28	5.19	4.78	5.75	5.79	6.00	7.48	5.26	5.21	4.97	7.50	4.52	Lu	4.30		-	4.38	3.89	5.35	7.23	6.87	4.80	4.78	6.27	6.93	3.48	5.59	4.87	4.50	5.12	6.33	5.17	4.12	+		4.78	2.53	4.44	7.29	4.18	5.35	4.34		5.29	6.11	4.61	4.77	+	5.45	5.49	5.21	PE	6.35	5.73	6.38	AC	5.10	5.66	4.42	5.85	5.13	HCC1428	HCC1428	Lu		HCC1428	HCC1428	HCC1428
HCC1599																																																																																								HCC1599	HCC1599	BaA		HCC1599	HCC1599	HCC1599
HCC1806	7.04	4.02	4.59	4.48	4.07	5.15	4.30			6.27	7.64	5.68	4.13	6.71	5.81	4.80	5.68	8.59	6.79			6.78	5.37		5.51	6.59	5.82	5.16	5.08	5.32	4.27	5.79	7.54	7.95	7.34	5.33	7.12	8.72					4.30	4.48	7.54	8.31	6.82		4.78	6.79	7.67	3.78		4.64	4.29	5.59	6.16	5.30	4.30			8.06	2.83	4.00	4.18	4.00	5.05	3.83		5.27	6.14	3.92	4.48		5.34	4.88	4.69		7.69	4.97	5.89			7.93	3.89	5.92		HCC1806	HCC1806	BaA		HCC1806	HCC1806	HCC1806
HCC1937	6.87	3.37	3.64	4.48	4.88	4.18	4.30	24		5.68	8.12	5.84	5.16	6.76		4.44	5.48			-		6.69	4.41	White	5.34	6.41	6.09	5.42	4.78		4.71	5.50	7.57	7.51	7.20	5.08	7.53	6.04	BaA	4.18		-	4.30	4.39	6.55	6.51	6.72	4.84	4.78	6.21	5.58	3.48	6.07	4.27	4.63	5.29	5.84	5.12	4.50	-			3.81	4.97	5.91	4.00	5.00	3.29		5.16	6.52	3.88	4.51	-	4.18	3.78	6.36	P.Br		4.82	4.39	Duc.Ca	5.10	6.65	3.75	3.88	5.23	HCC1937	HCC1937	BaA		HCC1937	HCC1937	HCC1937
HCC1954	7.49	3.99	4.78	4.50	5.64	5.46	5.84	61	7.28	6.91	8.00	5.93	6.16	6.56	4.72	4.37	5.27	8.78	6.73	-		6.70	5.51	East Indian	6.00	6.57	6.63	5.56	6.53	6.25	5.08	5.98	7.97	8.16	7.62	5.69	8.14	3.84	BaA	4.48		+	4.82	4.26	7.51	8.71	6.43	4.48	5.56	5.31	5.35	7.81	5.22	4.34	4.76	5.59	5.81	5.12	4.30	-		8.15	6.67	4.43	8.45	4.00	5.08	4.26		5.25	5.49	5.90	4.79	+/-	4.77	4.01	6.66	P.Br	6.52	4.95	4.43	Duc.Ca	4.48	8.45	3.95	6.30	4.48	HCC1954	HCC1954	BaA		HCC1954	HCC1954	HCC1954
HCC202	8.39		4.41	4.92	5.75			82			8.14		4.84	6.26	4.75	4.44	5.74	8.43	6.28	-	NEG	6.22	4.43	White	6.03	7.37	7.23	6.03	10.23	6.47	5.11	7.75	9.03	4.48	7.77	6.34	8.83	4.77	Lu		AMP	+			8.12	4.70			6.12			7.69			5.02	5.23		5.07		-	NEG	8.10	7.68	3.99	8.30			4.14	Luminal	5.03			5.20	-	3.88	4.53		P.Br	6.12	6.04	7.22	Duc.Ca		7.87	4.76			HCC202	HCC202	Lu	HCC202	HCC202	HCC202	HCC202
HCC2185	6.93	3.12	3.42	5.11	4.33	4.46	4.30	49	6.58	5.86	8.35	5.30	3.39	6.60	5.03	4.69	5.65	8.52	7.16	-		6.90	4.63	White Hispanic	5.11	6.90	6.89	6.34	4.78	6.12	5.54			8.26	7.43	5.03	7.74	7.50	Lu	5.54		-	5.69	4.82	7.53	5.04	7.16	4.42	5.42	5.49	6.43	3.48	5.96	4.85	4.81	5.52	6.46	4.53	4.55	-		8.14	2.53	4.57	8.79	4.21	5.75	4.83		4.69	5.82	4.66		+	5.36	4.85	7.88	PE	7.39	4.79	6.69	MLCa	6.46	4.58	4.28	6.63	5.92	HCC2185	HCC2185	Lu		HCC2185	HCC2185	HCC2185
HCC2218																																																																																								HCC2218	HCC2218	Lu		HCC2218	HCC2218	HCC2218
HCC3153	6.81	3.24	3.45	5.11		4.48			6.19		7.98	5.42	5.24	6.72	4.73	4.45	5.12	8.01	6.45	-		6.19	4.50		5.53	6.46	5.48	4.95	4.78	5.60	5.26	4.46	7.36	7.50	7.22	4.48	7.17	7.19	BaA	4.48		-	4.48	4.10	7.55	8.21	6.53	4.48	4.78	5.11	6.64		5.73	4.81	4.44	5.19	5.82	4.81		-		7.70	2.53	3.83	5.25	4.00	4.99	3.92		4.96	6.38	5.59	4.38	-	4.87	3.78	4.70		6.68	4.62	5.49		4.76	7.29	3.81	5.95	4.48	HCC3153	HCC3153	BaA		HCC3153	HCC3153	HCC3153
HCC38	7.23	4.00	3.72	4.48	4.03		4.30	50	6.31	5.74	7.96	6.05	4.93	6.81	6.14	4.76	5.78	8.69	7.14	-		7.03	4.18	White	6.53	6.56	6.11	6.44	4.78	5.85	5.00	6.03	7.62	7.42	7.32	4.55	7.54	8.15	BaB	5.99		-	6.54	4.24	7.33	8.55	7.45	4.77	4.78	7.21	7.56	3.48	5.64	5.03	4.66	5.43	6.77	5.53		-		8.13	2.53		7.47	4.62	4.98	4.06		5.24	6.99	5.32	5.11	+	5.50	4.28	6.41	P.Br	8.43	5.22	5.44	Duc.Ca	6.94	7.94	4.63	5.85	6.24	HCC38	HCC38	BaB		HCC38	HCC38	HCC38
HCC70	6.62	3.67	4.05	5.21	3.94	4.67		49	6.80	6.33	8.75	6.05	5.68	6.55	4.37	4.82	5.83	8.29	5.64	-		6.38	5.76	Black	4.89	6.90	6.75	6.59	8.18	5.72	5.18	6.14	8.13	7.01	7.68	4.76	7.03	4.13	BaA	6.09		-	4.48	4.16	7.34	8.85	7.11	4.50	4.96	6.74	4.48		5.51	4.69	4.73	5.38	6.35	5.15	4.30	-		8.09	2.53	3.78	6.92	3.88	5.74	4.45		5.60	6.52	5.64	5.98	+	5.44	3.78	6.39	P.Br	4.72	4.84	6.23	Duc.Ca	5.35	8.13	4.46	5.98	6.01	HCC70	HCC70	BaA		HCC70	HCC70	HCC70
HS578T								74												-	NEG			White															BaB		Not_AMP	-																		-	NEG								BASAL					+				P.Br				IDC						HS578T	HS578T		HS578T		HS578T	
LY2	6.97	5.01	4.41	4.48	3.78	4.51		69			6.22	5.61	2.82	5.18	4.88	4.39	5.00	8.37	6.71	+		6.67	4.48	White		8.10	5.82		4.78	4.46	6.26	6.34	7.93			4.56	7.00	7.42	Lu			-	4.48		7.64	8.22					6.80	7.47	6.27	4.32	5.35	5.19	5.88	5.13		-		7.98	6.33				5.77			5.19	6.65		4.78	+/-	4.54	4.25	6.68	PE	6.59	4.86	6.63	IDC		7.88	3.85	6.08		LY2	LY2	Lu		LY2	LY2	LY2
MCF10A								36												-				White															BaB			-																		-														+/-				P.Br				F						MCF10A	MCF10A	N, Basal A		MCF10A	MCF10A	MCF10A
MCF10F																																																																																								MCF10F	MCF10F	N, Basal A		MCF10F	MCF10F	MCF10F
MCF12A								60												-				White															BaB			-																		-														+				P.Br				F						MCF12A	MCF12A	N, Basal A		MCF12A	MCF12A	MCF12A
MCF7	6.25		4.39	4.48		4.80	4.30	69	6.23		7.72	5.59	4.07	6.33	4.68	3.77	4.79	7.91	6.30	+	POS	6.45	4.18	White	4.95	6.72	5.53	5.06	4.78	4.85	5.89	6.03	8.14	7.82	5.90	4.57	6.62	4.14	Lu	4.67	Not_AMP	-	4.48		7.42	9.44	7.10	4.48	4.78	5.85		7.24	5.43	4.39	5.24	5.27	5.74			+	POS	7.79	2.53	4.80	6.84	4.00	5.78	4.19	Luminal	5.23	6.00			+/-		3.99	5.81	PE	5.88	5.16	6.01	IDC	5.08	7.78	4.19	6.40		MCF7	MCF7	Lu	MCF7	MCF7	MCF7	MCF7
MDAMB134VI	7.46	3.15	2.01	4.69	4.00	4.30	5.93	47	6.00	5.44	8.08	4.00	2.97	6.38	4.96	3.73	3.87	7.63	5.92	+		5.98	4.18	White	5.61	6.65	6.25	5.57	7.72	6.01	5.06	6.33	7.95	7.83	5.50	4.52	7.68		Lu	5.93		-	4.39	4.16	7.36	8.79	7.18	4.60		6.44	7.28	3.48	5.24	4.34	4.76		6.18	4.73	4.12	-		8.00	2.53	4.26	8.17	4.00	5.02	4.54		4.97	5.81	4.78	4.78	+/-	4.79	4.08	6.78	PE	6.94	5.17	5.54	IDC	6.11	7.87	4.40	6.21	4.66	MDAMB134VI	MDAMB134VI	Lu			MDAMB134VI	
MDAMB157			3.11	4.48	4.47			44			8.16		2.99	6.96	4.80	4.07	4.59		6.40	-	NEG	6.26	4.30	Black	6.02	6.77		5.95	4.78	5.33	5.05	4.49	6.49	8.98	7.50	4.82			BaB		Not_AMP	-			7.50	8.31			4.78			3.78			4.45	4.54		5.63		-	NEG		2.53	3.78	3.78			3.62	BASAL	5.20			4.30	-	4.34	3.78		PE	6.40	4.68	5.14	MC		7.89	4.01			MDAMB157	MDAMB157	BaB	MDAMB157	MDAMB157	MDAMB157	MDAMB157
MDAMB175VII	7.54	4.69	3.95	4.82	6.19	4.61	5.59	56	5.94	8.35	8.28	5.97	3.21	6.75	4.21	4.44	5.36	7.80	6.15	+		7.00	5.51	Black	4.14	6.72	6.18	5.07	7.94	4.18	5.30	5.88	8.29	5.21	6.76	6.68	7.75	8.12	Lu	4.48		-	4.48	4.47	5.77		6.41	5.05	6.03	6.09	6.37		5.22	4.26	5.08	5.44	5.41		4.24	-		7.71		4.46	8.43	4.00	5.51	4.09		5.26	5.77	5.02	4.18	+/-		4.84	5.64	PE	5.54	5.23	4.08	IDC	4.61	7.41	4.26	5.44	4.28	MDAMB175VII	MDAMB175VII	Lu			MDAMB175VII	
MDAMB231	6.11	3.10	3.75				4.30	51			7.56		2.60	4.66	5.06	4.09	4.65	8.55	6.67	-	NEG	6.57	4.40	White	5.69	6.60	5.21	5.78	6.86	5.90	5.28	4.92	5.57	7.68	7.34	4.48	7.54	8.02	BaB	4.64	Not_AMP	-		4.13	7.50	9.34		4.49	4.78			3.48			4.18	4.72		5.17		-	NEG	8.28		3.78	5.45	3.78		4.05	BASAL	5.44			4.61	+	4.45	3.78		PE	5.93	5.26	4.17	AC		8.29	4.11			MDAMB231	MDAMB231	BaB	MDAMB231	MDAMB231	MDAMB231	MDAMB231
MDAMB361	7.24		3.84	4.69	4.71	4.71	4.30	40	6.09		5.22	5.82	3.15	5.78	4.99	4.34	5.01	8.25	6.63	+		6.65	4.19	White	4.85	7.09	5.84	5.19	4.78	5.38	5.04	5.58	7.46	8.72	7.42	5.19	7.59	8.20	Lu	4.48		+	4.48		7.47	8.64	7.30	5.04	5.05	6.28		6.80	5.14	4.77	4.23	5.46	6.15	4.82	4.30	-		7.88	6.31	3.78	6.13	4.00	6.05	4.22		4.93	6.34		4.75	-	4.18	3.78	6.60	P.Br	6.28	5.09	3.78	AC	5.63	8.18	4.26	6.06	5.53	MDAMB361	MDAMB361	Lu		MDAMB361	MDAMB361	MDAMB361
MDAMB415	7.30			4.48	3.78		4.30	38	6.58		7.49		4.12	6.78	4.94	3.73	3.57	8.54	6.43	+		6.58		White	4.86	7.22		5.76	6.13	5.05	5.37			7.08	7.28	5.13	7.24	5.56	Lu	4.48		-	4.48	4.31	7.12	8.09	7.40				7.13	3.48	5.59	4.46	4.59	4.51	6.14			-		8.28			8.68	4.00	4.95	4.02		5.25	6.59			+		4.47	7.12	PE	6.72	4.90	6.44	AC	4.86	7.74	4.18	6.30	4.48	MDAMB415	MDAMB415	Lu		MDAMB415	MDAMB415	MDAMB415
MDAMB436	5.96		2.97	4.48	3.99	4.74	4.30	43		5.43	8.06	5.30	3.42	6.06	4.98	4.18	4.98	7.77	6.23	-		6.15	4.26	White	6.00	6.38	5.88	7.01	4.81		5.00	5.48	6.75	7.90	7.59	4.48	6.83	7.39	BaB	4.36		-	4.30		7.41	8.24	6.60	5.66	4.78	5.86	6.57	7.70		4.28	4.30	4.18	5.28	5.19		-		7.37	2.53	3.78	3.78	3.78	4.47	4.29		4.95	6.53	3.77	4.72	-	5.16	4.51	4.27	PE	7.52	4.67	5.62	IDC	6.19	7.57	3.74	5.47	5.33	MDAMB436	MDAMB436	BaB		MDAMB436	MDAMB436	MDAMB436
MDAMB453	7.14		4.01	4.51	3.78	4.69	4.30	48	6.88	7.04	8.16	5.63	3.30	6.28	5.18	4.23	5.16	8.36	6.67	-	NEG	6.65	4.35	White	5.30	7.06	6.52	5.51	6.61	5.65	5.07	6.44	8.28	7.97	6.96	5.13	7.71	7.85	Lu	4.55	AMP	-	4.45	3.96	7.37	8.11	7.31	4.48	5.05	6.18	5.66	3.48	5.26	4.91	4.32	5.24	6.56	5.71		-	NEG	7.99	4.47			3.78	5.73	3.00	Luminal	5.38	6.29	6.12	4.81	-	4.18	4.44	7.00	PF	7.07	5.23	6.34	AC	5.03	8.42	4.46	6.20	4.45	MDAMB453	MDAMB453	Lu	MDAMB453	MDAMB453	MDAMB453	MDAMB453
MDAMB468	5.62	3.22	3.71	4.48	4.02	4.18	4.30	51	4.48	6.20	7.85	5.59	6.05	6.17	4.49	4.31	5.27	8.54	6.13	-	NEG	6.16	4.67	Black	5.59	7.11	5.96	7.89	4.85	6.29	5.29	5.81	7.47	8.41	7.61	4.60	7.56	7.27	BaA	5.69	Not_AMP	-	4.97	4.03	7.72	8.88	6.63	4.90	4.78	6.39	6.69	7.49	5.19	4.85	4.44	4.37	5.57	5.18	4.32	-	NEG	8.06	2.83	4.12	5.55	4.00	5.01	3.80	BASAL	5.35	6.07	4.37	6.27	+	5.94		5.25	PE	7.34	4.85	5.85	AC	6.95	7.97	3.70	5.93	6.18	MDAMB468	MDAMB468	BaA	MDAMB468	MDAMB468	MDAMB468	MDAMB468
SKBR3	7.50	3.66	4.48	4.48	4.92	4.40	4.30	43	6.23	7.88	8.12	5.41	2.30	5.30	5.49	4.87	4.18	8.12	6.90	-	NEG		4.80	White	5.92	6.65	6.71	5.29	4.78	5.71	5.16	6.68	8.41	7.78	7.34	5.55	7.79	7.97	Lu	4.33	AMP	+	5.22	4.05	7.47	7.98	7.26	4.66	6.29	5.99	6.82	6.16	5.86	4.51	4.32	5.59	5.96	5.10	4.73	-	NEG	7.95	2.83	4.60	7.22	4.00	5.68	4.15	Luminal	5.17	6.27	5.27	5.33	+	4.18	3.98	7.27	PE	7.95	5.21	6.55	AC	4.48	7.76	4.30	5.58	4.77	SKBR3	SKBR3	Lu	SKBR3	SKBR3	SKBR3	SKBR3
SUM102PT																																																																																								SUM102PT	SUM102PT	BaA		SUM102PT	SUM102PT	SUM102PT
SUM1315MO2	7.66	3.13	3.37	5.17	5.60	4.75	5.12		6.65	6.79	7.86	6.06	3.15	5.69	5.29	4.56	5.72	8.53	6.67	-		7.44	5.13		6.54	6.38	6.49	5.89	7.19	6.02	5.33	6.25	8.02	7.51	7.44	5.53	7.42		BaB	4.96		-	6.21	4.30	7.39	8.22	6.60	4.62	4.81	7.43	4.48	3.48	6.00	5.40	4.67	4.86	5.64	5.47	4.30	-		8.21	2.53	5.09	5.48	3.95	5.33	3.73		5.13	6.48	6.31	5.04	+	6.09	4.00	5.95	Sk	8.08	4.31	5.53	IDC	5.65	8.65	3.76	6.11	4.48	SUM1315MO2	SUM1315MO2	BaB		SUM1315MO2	SUM1315MO2	SUM1315MO2
SUM149PT	7.00	4.11	4.14	4.48	5.74	4.66	6.28		6.57	7.13	8.13	6.12	4.54	6.53		4.87	5.79	8.76		-		6.66	5.70		5.58	6.40	6.01	5.48	7.51	5.38	5.41	5.75	7.64	7.72	7.17	5.54	8.22	7.86	BaB	4.52		-	4.75	3.76	7.48	8.26	6.50	5.13		7.04	6.72	3.48	5.74	5.08	4.56	5.90	6.17	5.04	4.44	-		8.03		4.88	5.03	4.53	5.03	4.80		5.57	6.62	5.46	4.58	+	5.78	3.99	5.21	P.Br		5.14	5.64	Inf DuctCa	5.07	7.91	4.02	5.63	4.18	SUM149PT	SUM149PT	BaA			SUM149PT	
SUM159PT	7.46	4.49	4.68		4.77				7.44	5.59	8.13	5.86	3.97	6.60	4.41	4.55	5.40	8.34	6.46	-		6.85	4.93		6.11	6.37	6.73	5.77	7.93	5.97	5.46	6.46	7.52	7.49	7.43	5.07	8.20	7.99	BaB	5.76		-	6.38	4.37	7.32	8.16	6.88	4.70		6.54	6.23	3.48	5.64	4.90	4.78	5.60	6.50	5.19	4.30	-		7.82		3.78	6.14	4.85	5.17	4.66		5.81	6.02		4.49	-	5.81	3.91	6.64	P.Br	6.13	5.23	4.79	AnCar	6.37	7.91	3.93	6.16		SUM159PT	SUM159PT	BaB		SUM159PT	SUM159PT	SUM159PT
SUM185PE	7.46		2.53	5.57	3.78	5.27	4.30		4.82	5.25	8.27		3.30	6.68	4.99	3.90	3.59	5.30	6.51	-		6.39	4.18		5.31	7.26	7.13	5.94	4.78		5.48			5.66	5.42	4.68	7.70	6.30	Lu			-			6.96	8.07	7.11			7.20		3.48	6.50	5.53	4.54	4.41	6.51		4.88	-		7.62	2.53	4.69		4.76	5.95	5.83		5.98	6.82	3.98		-		5.05	8.96	PE	7.20	4.76	6.14	Duc.Ca	5.62	8.08	4.42		4.50	SUM185PE	SUM185PE	Lu		SUM185PE	SUM185PE	SUM185PE
SUM225CWN		3.71		5.03		5.02				8.03	7.98			5.45						-			5.15		4.99	7.17					4.89								BaA			+		3.30	6.98	4.70			6.16	6.00		3.48	5.66	4.30	4.69		6.07		4.42	-				4.28	7.78	4.00	6.05	4.39		5.20	6.14			+				CWN		4.85	6.19				3.84			SUM225CWN	SUM225CWN	BaA		SUM225CWN	SUM225CWN	SUM225CWN
SUM44PE	8.84																			+																			Lu			-																		-					9.26									-				PE	6.43			Ca						SUM44PE	SUM44PE	Lu		SUM44PE	SUM44PE	SUM44PE
SUM52PE	7.46	3.49	4.40	5.45	3.78	4.44	5.01		4.77	5.47	8.28	5.84	5.45	6.79	5.86	4.71	5.74	8.74	7.01	+		6.53	4.50		5.59	6.74	6.89	6.84	5.06	6.14	5.68	7.59	8.46	8.19	7.64	5.10	7.92	8.15	Lu	5.04		-	5.52	4.45	7.54	8.53	6.77	5.13	4.78	6.86	6.40	3.48	5.61	5.27	4.73	5.43	6.22	7.64	4.92	-		8.31	2.53	4.79	8.52	4.22	5.81	5.77		5.94	6.40	4.86		-	6.25	4.04	9.38	PE	8.08	5.57	5.01	Ca	6.41	8.27	4.72	6.06	5.40	SUM52PE	SUM52PE	Lu		SUM52PE	SUM52PE	SUM52PE
T47D		3.48		4.68	4.74	5.25	4.30	54	6.55		8.08	5.25	5.03	6.96		3.95	5.27			+	POS		4.30		5.97	6.34	6.58		4.78	4.46	5.01	7.19	8.45			4.80		6.02	Lu	4.82	Not_AMP	-	4.48	4.46	7.08	8.10	6.82	4.48	4.78	5.25	6.93		5.19	4.82	4.51	5.47	6.06	4.87	4.30	+	POS		2.53	3.78	6.31	4.00	5.78	4.59	Luminal	5.08	5.90		5.45	+	3.88	3.78	5.85	PE		5.44	6.19	IDC	5.03	5.33	3.96	5.29	4.94	T47D	T47D	Lu	T47D	T47D	T47D	T47D
UACC812		4.34	4.02	4.48		4.88		43	4.78	8.55	7.62	5.56	3.47	6.78	5.52	4.81	5.44	8.49	7.13	+		6.60	4.91				6.62	4.51	4.78	6.24	5.31	6.99	8.67	4.92	7.92		7.91		Lu	4.42		+	4.66	3.81		5.23	6.89	4.97	6.34	5.98	6.00		5.43	4.42	4.45	5.86	5.71	5.15	4.27	-		8.04	2.53		7.33	4.28	5.53				5.98	5.72	4.85	-			6.24	P.Br	7.22	5.04		IDC	4.50	7.13	4.37	6.30	4.88	UACC812	UACC812	Lu		UACC812	UACC812	UACC812
UACC893	7.90		3.30	4.75	5.65						9.19		2.68	6.60	4.22	3.04	4.22	7.94	6.08			6.11	4.91		4.26	6.73	6.89	5.06	4.81	9.44	5.20	6.49	8.22	8.15	7.91	5.94	7.96	3.84							7.98	8.20			5.74						4.69	3.81		5.16				7.93		3.78	3.78			3.48		6.06			4.18		5.21	5.51			6.46	5.54	5.75			7.96	4.49			UACC893	UACC893	Lu			UACC893	
ZR751	6.56	5.27	4.51	4.52	3.78	5.20	5.21	63	4.78	5.63	7.76	4.85	3.30	6.48	5.28	4.07	4.92	7.55	6.86	+		6.60	4.18	White	5.68	6.45	5.87	4.94	4.78	5.58	5.17	5.50	8.07	4.57	6.92	4.49	6.93	7.43	Lu	5.45		-	6.07	4.16	7.05	6.53	6.71	4.53	4.78	5.75	4.47	7.18	5.73	4.76	5.51	5.63	5.65	4.81	4.32	-		7.56	3.69	4.01		4.00	5.94	4.34		4.88	6.09		5.64	-	4.36	3.78	4.18	AF	7.39	4.74	4.32	IDC	5.27	7.35	3.78	5.90	5.46	ZR751	ZR751	Lu		ZR751	ZR751	ZR751
ZR7530								47					2.30		4.13	4.55	5.58	8.40	6.96	+				Black			6.82	4.71						5.21	7.68		8.15		Lu			+														3.20				-		7.66												-				AF				IDC						ZR7530	ZR7530	Lu			ZR7530	
ZR75B	7.14	5.16	4.95	4.48	3.78	4.65	4.30		6.85	5.52	6.88	5.15	3.25		5.81	3.52	3.59	7.81	6.60	+		6.94	4.18		6.06	6.39	6.51	5.75	4.78		5.00	5.62	8.31	7.02	7.15	4.67	7.03	7.34	Lu	4.18		-	6.60	3.85	6.88		7.08	4.51	4.78	6.34	6.84	3.48	5.26	4.85	5.69	5.51	6.41		4.00	-		8.10		3.78		4.62	5.93	3.16		5.12	6.06	4.59	6.43	+/-		4.79	6.97		7.20	5.30	5.10		6.79	8.05	4.02	5.90	5.00	ZR75B	ZR75B	Lu		ZR75B	ZR75B	ZR75B
